30
9
2
20
7
46
15
10
4
11
4
43
2
20
49
16
16
8
23
25
8
20
15
2
1
18
7
15
18
13
5
23
2
15
7
24
15
22
11
12
6
7
23
15
8
9
4
49
17
7
28
22
10
8
7
45
9
31
9
30
6
9
6
2
28
6
22
20
33
11
12
3
12
5
13
21
40
16
10
16
4
10
19
6
33
41
48
17
13
4
12
7
12
33
20
9
2
20
24
7
8
11
6
2
2
2
15
10
22
21
2
31
29
13
41
17
10
26
5
28
10
9
9
3
15
34
23
38
8
8
8
5
19
2
23
3
2
8
14
11
40
2
31
14
19
45
34
9
5
6
1
15
6
25
1
3
10
13
35
25
10
15
33
34
15
19
3
27
37
45
14
2
21
18
9
24
20
34
8
30
12
19
18
3
29
9
29
29
6
1
48
22
6
2
11
7
3
3
37
2
8
5
10
5
8
2
15
40
44
20
23
13
4
5
29
17
18
15
26
1
10
24
19
9
34
7
4
10
14
9
2
19
22
